Name = "Teleport to Temple of Time", Callback = function() Game:GetService("Players").LocalPlayer.Character.HumanoidRootPart.CFrame = CFrame.new(28286.35546875, 14895.3017578125, 102.62469482421875) end }) R:AddButton({ Name = "Teleport to Lever Pull", Callback = function() PullLever() end }) R:AddButton({ Name = "Teleport to Anclient One", Callback = function() Game:GetService("Players").LocalPlayer.Character.HumanoidRootPart.CFrame = CFrame.new(28286.35546875, 14895.3017578125, 102.62469482421875) Game:GetService("Players").LocalPlayer.Character.HumanoidRootPart.CFrame = CFrame.new(28286.35546875, 14895.3017578125, 102.62469482421875) wait(.1) topos(CFrame.new(28973.0879, 14889.9756, -120.298691, -0.85230273, -9.83552173e-09, -0.523048818, -7.0291172e-08, 1, 9.5734535e-08, 0.523048818, 1.18360518e-07, -0.85230273)) end }) R:AddButton({ Name = "Teleport to Clock", Callback = function() Game:GetService("Players").LocalPlayer.Character.HumanoidRootPart.CFrame = CFrame.new(28286.35546875, 14895.3017578125, 102.62469482421875) Game:GetService("Players").LocalPlayer.Character.HumanoidRootPart.CFrame = CFrame.new(28286.35546875, 14895.3017578125, 102.62469482421875) wait(.1) topos(CFrame.new(29551.9941, 15069.002, -85.5179291, 0.603725016, 4.74354529e-08, -0.797192633, -3.64676893e-08, 1, 3.18856408e-08, 0.797192633, 9.82161463e-09, 0.603725016)) end })
Name = "Teleport to Temple of Time", Callback = function() Game:GetService("Players").LocalPlayer.Character.HumanoidRootPart.CFrame = CFrame.new(28286.35546875, 14895.3017578125, 102.62469482421875) end }) R:AddButton({ Name = "Teleport to Lever Pull", Callback = function() PullLever() end }) R:AddButton({ Name = "Teleport to Anclient One", Callback = function() Game:GetService("Players").LocalPlayer.Character.HumanoidRootPart.CFrame = CFrame.new(28286.35546875, 14895.3017578125, 102.62469482421875) Game:GetService("Players").LocalPlayer.Character.HumanoidRootPart.CFrame = CFrame.new(28286.35546875, 14895.3017578125, 102.62469482421875) wait(.1) topos(CFrame.new(28973.0879, 14889.9756, -120.298691, -0.85230273, -9.83552173e-09, -0.523048818, -7.0291172e-08, 1, 9.5734535e-08, 0.523048818, 1.18360518e-07, -0.85230273)) end }) R:AddButton({ Name = "Teleport to Clock", Callback = function() Game:GetService("Players").LocalPlayer.Character.HumanoidRootPart.CFrame = CFrame.new(28286.35546875, 14895.3017578125, 102.62469482421875) Game:GetService("Players").LocalPlayer.Character.HumanoidRootPart.CFrame = CFrame.new(28286.35546875, 14895.3017578125, 102.62469482421875) wait(.1) topos(CFrame.new(29551.9941, 15069.002, -85.5179291, 0.603725016, 4.74354529e-08, -0.797192633, -3.64676893e-08, 1, 3.18856408e-08, 0.797192633, 9.82161463e-09, 0.603725016)) end })
